Sample Dataset:
2001    4
2002    2
2003    1
2004    6
2005    19
2006    4
2007    7
2008    16
2009    5
2010    5
2011    7
2012    9
2013    10
2014    16
2015    28
2016    20
2017    49
2018    28
2019    36
2020    25
2021    83
2022    135
2023    9446
2024    39

Real Dataset:
2001    467301
2002    205267
2003    985
2004    915
2005    1031
2006    796
2007    762
2008    1010
2009    910
2010    695
2011    770
2012    800
2013    714
2014    825
2015    1105
2016    1339
2017    1387
2018    1327
2019    1174
2020    1832
2021    2399
2022    4678
2023    81461
2024    880
2025    12710